(25.30118, 121.28282)
(25.30118, 121.30082)
(25.30118, 121.31882)
(25.30118, 121.33682)
(25.30118, 121.35482)
(25.30118, 121.37282)
(25.30118, 121.39082)
(25.30118, 121.40882)
(25.30118, 121.42682)
(25.30118, 121.44482)
(25.30118, 121.46282000000001)
(25.30118, 121.48082000000001)
(25.30118, 121.49882000000001)
(25.30118, 121.51682000000001)
(25.30118, 121.53482000000001)
(25.30118, 121.55282000000001)
(25.30118, 121.57082000000001)
(25.30118, 121.58882000000001)
(25.30118, 121.60682000000001)
(25.30118, 121.62482000000001)
(25.30118, 121.64282000000001)
(25.30118, 121.66082000000002)
(25.30118, 121.67882000000002)
(25.30118, 121.69682000000002)
(25.30118, 121.71482000000002)
(25.30118, 121.73282000000002)
(25.30118, 121.75082000000002)
(25.30118, 121.76882000000002)
(25.30118, 121.78682000000002)
(25.30118, 121.80482000000002)
(25.30118, 121.82282000000002)
(25.30118, 121.84082000000002)
(25.30118, 121.85882000000002)
(25.30118, 121.87682000000002)
(25.30118, 121.89482000000002)
(25.30118, 121.91282000000002)
(25.30118, 121.93082000000003)
(25.30118, 121.94882000000003)
(25.30118, 121.96682000000003)
(25.30118, 121.98482000000003)
(25.30118, 122.00282000000003)
(25.283179999999998, 121.28282)
(25.283179999999998, 121.30082)
(25.283179999999998, 121.31882)
(25.283179999999998, 121.33682)
(25.283179999999998, 121.35482)
(25.283179999999998, 121.37282)
(25.283179999999998, 121.39082)
(25.283179999999998, 121.40882)
(25.283179999999998, 121.42682)
(25.283179999999998, 121.44482)
(25.283179999999998, 121.46282000000001)
(25.283179999999998, 121.48082000000001)
(25.283179999999998, 121.49882000000001)
(25.283179999999998, 121.51682000000001)
(25.283179999999998, 121.53482000000001)
(25.283179999999998, 121.55282000000001)
(25.283179999999998, 121.57082000000001)
(25.283179999999998, 121.58882000000001)
(25.283179999999998, 121.60682000000001)
(25.283179999999998, 121.62482000000001)
(25.283179999999998, 121.64282000000001)
(25.283179999999998, 121.66082000000002)
(25.283179999999998, 121.67882000000002)
(25.283179999999998, 121.69682000000002)
(25.283179999999998, 121.71482000000002)
(25.283179999999998, 121.73282000000002)
(25.283179999999998, 121.75082000000002)
(25.283179999999998, 121.76882000000002)
(25.283179999999998, 121.78682000000002)
(25.283179999999998, 121.80482000000002)
(25.283179999999998, 121.82282000000002)
(25.283179999999998, 121.84082000000002)
(25.283179999999998, 121.85882000000002)
(25.283179999999998, 121.87682000000002)
(25.283179999999998, 121.89482000000002)
(25.283179999999998, 121.91282000000002)
(25.283179999999998, 121.93082000000003)
(25.283179999999998, 121.94882000000003)
(25.283179999999998, 121.96682000000003)
(25.283179999999998, 121.98482000000003)
(25.283179999999998, 122.00282000000003)
(25.265179999999997, 121.28282)
(25.265179999999997, 121.30082)
(25.265179999999997, 121.31882)
(25.265179999999997, 121.33682)
(25.265179999999997, 121.35482)
(25.265179999999997, 121.37282)
(25.265179999999997, 121.39082)
(25.265179999999997, 121.40882)
(25.265179999999997, 121.42682)
(25.265179999999997, 121.44482)
(25.265179999999997, 121.46282000000001)
(25.265179999999997, 121.48082000000001)
(25.265179999999997, 121.49882000000001)
(25.265179999999997, 121.51682000000001)
(25.265179999999997, 121.53482000000001)
(25.265179999999997, 121.55282000000001)
(25.265179999999997, 121.57082000000001)
(25.265179999999997, 121.58882000000001)
(25.265179999999997, 121.60682000000001)
(25.265179999999997, 121.62482000000001)
(25.265179999999997, 121.64282000000001)
(25.265179999999997, 121.66082000000002)
(25.265179999999997, 121.67882000000002)
(25.265179999999997, 121.69682000000002)
(25.265179999999997, 121.71482000000002)
(25.265179999999997, 121.73282000000002)
(25.265179999999997, 121.75082000000002)
(25.265179999999997, 121.76882000000002)
(25.265179999999997, 121.78682000000002)
(25.265179999999997, 121.80482000000002)
(25.265179999999997, 121.82282000000002)
(25.265179999999997, 121.84082000000002)
(25.265179999999997, 121.85882000000002)
(25.265179999999997, 121.87682000000002)
(25.265179999999997, 121.89482000000002)
(25.265179999999997, 121.91282000000002)
(25.265179999999997, 121.93082000000003)
(25.265179999999997, 121.94882000000003)
(25.265179999999997, 121.96682000000003)
(25.265179999999997, 121.98482000000003)
(25.265179999999997, 122.00282000000003)
(25.247179999999997, 121.28282)
(25.247179999999997, 121.30082)
(25.247179999999997, 121.31882)
(25.247179999999997, 121.33682)
(25.247179999999997, 121.35482)
(25.247179999999997, 121.37282)
(25.247179999999997, 121.39082)
(25.247179999999997, 121.40882)
(25.247179999999997, 121.42682)
(25.247179999999997, 121.44482)
(25.247179999999997, 121.46282000000001)
(25.247179999999997, 121.48082000000001)
(25.247179999999997, 121.49882000000001)
(25.247179999999997, 121.51682000000001)
(25.247179999999997, 121.53482000000001)
(25.247179999999997, 121.55282000000001)
(25.247179999999997, 121.57082000000001)
(25.247179999999997, 121.58882000000001)
(25.247179999999997, 121.60682000000001)
(25.247179999999997, 121.62482000000001)
(25.247179999999997, 121.64282000000001)
(25.247179999999997, 121.66082000000002)
(25.247179999999997, 121.67882000000002)
(25.247179999999997, 121.69682000000002)
(25.247179999999997, 121.71482000000002)
(25.247179999999997, 121.73282000000002)
(25.247179999999997, 121.75082000000002)
(25.247179999999997, 121.76882000000002)
(25.247179999999997, 121.78682000000002)
(25.247179999999997, 121.80482000000002)
(25.247179999999997, 121.82282000000002)
(25.247179999999997, 121.84082000000002)
(25.247179999999997, 121.85882000000002)
(25.247179999999997, 121.87682000000002)
(25.247179999999997, 121.89482000000002)
(25.247179999999997, 121.91282000000002)
(25.247179999999997, 121.93082000000003)
(25.247179999999997, 121.94882000000003)
(25.247179999999997, 121.96682000000003)
(25.247179999999997, 121.98482000000003)
(25.247179999999997, 122.00282000000003)
(25.229179999999996, 121.28282)
(25.229179999999996, 121.30082)
(25.229179999999996, 121.31882)
(25.229179999999996, 121.33682)
(25.229179999999996, 121.35482)
(25.229179999999996, 121.37282)
(25.229179999999996, 121.39082)
(25.229179999999996, 121.40882)
(25.229179999999996, 121.42682)
(25.229179999999996, 121.44482)
(25.229179999999996, 121.46282000000001)
(25.229179999999996, 121.48082000000001)
(25.229179999999996, 121.49882000000001)
(25.229179999999996, 121.51682000000001)
(25.229179999999996, 121.53482000000001)
(25.229179999999996, 121.55282000000001)
(25.229179999999996, 121.57082000000001)
(25.229179999999996, 121.58882000000001)
(25.229179999999996, 121.60682000000001)
(25.229179999999996, 121.62482000000001)
(25.229179999999996, 121.64282000000001)
(25.229179999999996, 121.66082000000002)
(25.229179999999996, 121.67882000000002)
(25.229179999999996, 121.69682000000002)
(25.229179999999996, 121.71482000000002)
(25.229179999999996, 121.73282000000002)
(25.229179999999996, 121.75082000000002)
(25.229179999999996, 121.76882000000002)
(25.229179999999996, 121.78682000000002)
(25.229179999999996, 121.80482000000002)
(25.229179999999996, 121.82282000000002)
(25.229179999999996, 121.84082000000002)
(25.229179999999996, 121.85882000000002)
(25.229179999999996, 121.87682000000002)
(25.229179999999996, 121.89482000000002)
(25.229179999999996, 121.91282000000002)
(25.229179999999996, 121.93082000000003)
(25.229179999999996, 121.94882000000003)
(25.229179999999996, 121.96682000000003)
(25.229179999999996, 121.98482000000003)
(25.229179999999996, 122.00282000000003)
(25.211179999999995, 121.28282)
(25.211179999999995, 121.30082)
(25.211179999999995, 121.31882)
(25.211179999999995, 121.33682)
(25.211179999999995, 121.35482)
(25.211179999999995, 121.37282)
(25.211179999999995, 121.39082)
(25.211179999999995, 121.40882)
(25.211179999999995, 121.42682)
(25.211179999999995, 121.44482)
(25.211179999999995, 121.46282000000001)
(25.211179999999995, 121.48082000000001)
(25.211179999999995, 121.49882000000001)
(25.211179999999995, 121.51682000000001)
(25.211179999999995, 121.53482000000001)
(25.211179999999995, 121.55282000000001)
(25.211179999999995, 121.57082000000001)
(25.211179999999995, 121.58882000000001)
(25.211179999999995, 121.60682000000001)
(25.211179999999995, 121.62482000000001)
(25.211179999999995, 121.64282000000001)
(25.211179999999995, 121.66082000000002)
(25.211179999999995, 121.67882000000002)
(25.211179999999995, 121.69682000000002)
(25.211179999999995, 121.71482000000002)
(25.211179999999995, 121.73282000000002)
(25.211179999999995, 121.75082000000002)
(25.211179999999995, 121.76882000000002)
(25.211179999999995, 121.78682000000002)
(25.211179999999995, 121.80482000000002)
(25.211179999999995, 121.82282000000002)
(25.211179999999995, 121.84082000000002)
(25.211179999999995, 121.85882000000002)
(25.211179999999995, 121.87682000000002)
(25.211179999999995, 121.89482000000002)
(25.211179999999995, 121.91282000000002)
(25.211179999999995, 121.93082000000003)
(25.211179999999995, 121.94882000000003)
(25.211179999999995, 121.96682000000003)
(25.211179999999995, 121.98482000000003)
(25.211179999999995, 122.00282000000003)
(25.193179999999995, 121.28282)
(25.193179999999995, 121.30082)
(25.193179999999995, 121.31882)
(25.193179999999995, 121.33682)
(25.193179999999995, 121.35482)
(25.193179999999995, 121.37282)
(25.193179999999995, 121.39082)
(25.193179999999995, 121.40882)
(25.193179999999995, 121.42682)
(25.193179999999995, 121.44482)
(25.193179999999995, 121.46282000000001)
(25.193179999999995, 121.48082000000001)
(25.193179999999995, 121.49882000000001)
(25.193179999999995, 121.51682000000001)
(25.193179999999995, 121.53482000000001)
(25.193179999999995, 121.55282000000001)
(25.193179999999995, 121.57082000000001)
(25.193179999999995, 121.58882000000001)
(25.193179999999995, 121.60682000000001)
(25.193179999999995, 121.62482000000001)
(25.193179999999995, 121.64282000000001)
(25.193179999999995, 121.66082000000002)
(25.193179999999995, 121.67882000000002)
(25.193179999999995, 121.69682000000002)
(25.193179999999995, 121.71482000000002)
(25.193179999999995, 121.73282000000002)
(25.193179999999995, 121.75082000000002)
(25.193179999999995, 121.76882000000002)
(25.193179999999995, 121.78682000000002)
(25.193179999999995, 121.80482000000002)
(25.193179999999995, 121.82282000000002)
(25.193179999999995, 121.84082000000002)
(25.193179999999995, 121.85882000000002)
(25.193179999999995, 121.87682000000002)
(25.193179999999995, 121.89482000000002)
(25.193179999999995, 121.91282000000002)
(25.193179999999995, 121.93082000000003)
(25.193179999999995, 121.94882000000003)
(25.193179999999995, 121.96682000000003)
(25.193179999999995, 121.98482000000003)
(25.193179999999995, 122.00282000000003)
(25.175179999999994, 121.28282)
(25.175179999999994, 121.30082)
(25.175179999999994, 121.31882)
(25.175179999999994, 121.33682)
(25.175179999999994, 121.35482)
(25.175179999999994, 121.37282)
(25.175179999999994, 121.39082)
(25.175179999999994, 121.40882)
(25.175179999999994, 121.42682)
(25.175179999999994, 121.44482)
(25.175179999999994, 121.46282000000001)
(25.175179999999994, 121.48082000000001)
(25.175179999999994, 121.49882000000001)
(25.175179999999994, 121.51682000000001)
(25.175179999999994, 121.53482000000001)
(25.175179999999994, 121.55282000000001)
(25.175179999999994, 121.57082000000001)
(25.175179999999994, 121.58882000000001)
(25.175179999999994, 121.60682000000001)
(25.175179999999994, 121.62482000000001)
(25.175179999999994, 121.64282000000001)
(25.175179999999994, 121.66082000000002)
(25.175179999999994, 121.67882000000002)
(25.175179999999994, 121.69682000000002)
(25.175179999999994, 121.71482000000002)
(25.175179999999994, 121.73282000000002)
(25.175179999999994, 121.75082000000002)
(25.175179999999994, 121.76882000000002)
(25.175179999999994, 121.78682000000002)
(25.175179999999994, 121.80482000000002)
(25.175179999999994, 121.82282000000002)
(25.175179999999994, 121.84082000000002)
(25.175179999999994, 121.85882000000002)
(25.175179999999994, 121.87682000000002)
(25.175179999999994, 121.89482000000002)
(25.175179999999994, 121.91282000000002)
(25.175179999999994, 121.93082000000003)
(25.175179999999994, 121.94882000000003)
(25.175179999999994, 121.96682000000003)
(25.175179999999994, 121.98482000000003)
(25.175179999999994, 122.00282000000003)
(25.157179999999993, 121.28282)
(25.157179999999993, 121.30082)
(25.157179999999993, 121.31882)
(25.157179999999993, 121.33682)
(25.157179999999993, 121.35482)
(25.157179999999993, 121.37282)
(25.157179999999993, 121.39082)
(25.157179999999993, 121.40882)
(25.157179999999993, 121.42682)
(25.157179999999993, 121.44482)
(25.157179999999993, 121.46282000000001)
(25.157179999999993, 121.48082000000001)
(25.157179999999993, 121.49882000000001)
(25.157179999999993, 121.51682000000001)
(25.157179999999993, 121.53482000000001)
(25.157179999999993, 121.55282000000001)
(25.157179999999993, 121.57082000000001)
(25.157179999999993, 121.58882000000001)
(25.157179999999993, 121.60682000000001)
(25.157179999999993, 121.62482000000001)
(25.157179999999993, 121.64282000000001)
(25.157179999999993, 121.66082000000002)
(25.157179999999993, 121.67882000000002)
(25.157179999999993, 121.69682000000002)
(25.157179999999993, 121.71482000000002)
(25.157179999999993, 121.73282000000002)
(25.157179999999993, 121.75082000000002)
(25.157179999999993, 121.76882000000002)
(25.157179999999993, 121.78682000000002)
(25.157179999999993, 121.80482000000002)
(25.157179999999993, 121.82282000000002)
(25.157179999999993, 121.84082000000002)
(25.157179999999993, 121.85882000000002)
(25.157179999999993, 121.87682000000002)
(25.157179999999993, 121.89482000000002)
(25.157179999999993, 121.91282000000002)
(25.157179999999993, 121.93082000000003)
(25.157179999999993, 121.94882000000003)
(25.157179999999993, 121.96682000000003)
(25.157179999999993, 121.98482000000003)
(25.157179999999993, 122.00282000000003)
(25.139179999999993, 121.28282)
(25.139179999999993, 121.30082)
(25.139179999999993, 121.31882)
(25.139179999999993, 121.33682)
(25.139179999999993, 121.35482)
(25.139179999999993, 121.37282)
(25.139179999999993, 121.39082)
(25.139179999999993, 121.40882)
(25.139179999999993, 121.42682)
(25.139179999999993, 121.44482)
(25.139179999999993, 121.46282000000001)
(25.139179999999993, 121.48082000000001)
(25.139179999999993, 121.49882000000001)
(25.139179999999993, 121.51682000000001)
(25.139179999999993, 121.53482000000001)
(25.139179999999993, 121.55282000000001)
(25.139179999999993, 121.57082000000001)
(25.139179999999993, 121.58882000000001)
(25.139179999999993, 121.60682000000001)
(25.139179999999993, 121.62482000000001)
(25.139179999999993, 121.64282000000001)
(25.139179999999993, 121.66082000000002)
(25.139179999999993, 121.67882000000002)
(25.139179999999993, 121.69682000000002)
(25.139179999999993, 121.71482000000002)
(25.139179999999993, 121.73282000000002)
(25.139179999999993, 121.75082000000002)
(25.139179999999993, 121.76882000000002)
(25.139179999999993, 121.78682000000002)
(25.139179999999993, 121.80482000000002)
(25.139179999999993, 121.82282000000002)
(25.139179999999993, 121.84082000000002)
(25.139179999999993, 121.85882000000002)
(25.139179999999993, 121.87682000000002)
(25.139179999999993, 121.89482000000002)
(25.139179999999993, 121.91282000000002)
(25.139179999999993, 121.93082000000003)
(25.139179999999993, 121.94882000000003)
(25.139179999999993, 121.96682000000003)
(25.139179999999993, 121.98482000000003)
(25.139179999999993, 122.00282000000003)
(25.121179999999992, 121.28282)
(25.121179999999992, 121.30082)
(25.121179999999992, 121.31882)
(25.121179999999992, 121.33682)
(25.121179999999992, 121.35482)
(25.121179999999992, 121.37282)
(25.121179999999992, 121.39082)
(25.121179999999992, 121.40882)
(25.121179999999992, 121.42682)
(25.121179999999992, 121.44482)
(25.121179999999992, 121.46282000000001)
(25.121179999999992, 121.48082000000001)
(25.121179999999992, 121.49882000000001)
(25.121179999999992, 121.51682000000001)
(25.121179999999992, 121.53482000000001)
(25.121179999999992, 121.55282000000001)
(25.121179999999992, 121.57082000000001)
(25.121179999999992, 121.58882000000001)
(25.121179999999992, 121.60682000000001)
(25.121179999999992, 121.62482000000001)
(25.121179999999992, 121.64282000000001)
(25.121179999999992, 121.66082000000002)
(25.121179999999992, 121.67882000000002)
(25.121179999999992, 121.69682000000002)
(25.121179999999992, 121.71482000000002)
(25.121179999999992, 121.73282000000002)
(25.121179999999992, 121.75082000000002)
(25.121179999999992, 121.76882000000002)
(25.121179999999992, 121.78682000000002)
(25.121179999999992, 121.80482000000002)
(25.121179999999992, 121.82282000000002)
(25.121179999999992, 121.84082000000002)
(25.121179999999992, 121.85882000000002)
(25.121179999999992, 121.87682000000002)
(25.121179999999992, 121.89482000000002)
(25.121179999999992, 121.91282000000002)
(25.121179999999992, 121.93082000000003)
(25.121179999999992, 121.94882000000003)
(25.121179999999992, 121.96682000000003)
(25.121179999999992, 121.98482000000003)
(25.121179999999992, 122.00282000000003)
(25.10317999999999, 121.28282)
(25.10317999999999, 121.30082)
(25.10317999999999, 121.31882)
(25.10317999999999, 121.33682)
(25.10317999999999, 121.35482)
(25.10317999999999, 121.37282)
(25.10317999999999, 121.39082)
(25.10317999999999, 121.40882)
(25.10317999999999, 121.42682)
(25.10317999999999, 121.44482)
(25.10317999999999, 121.46282000000001)
(25.10317999999999, 121.48082000000001)
(25.10317999999999, 121.49882000000001)
(25.10317999999999, 121.51682000000001)
(25.10317999999999, 121.53482000000001)
(25.10317999999999, 121.55282000000001)
(25.10317999999999, 121.57082000000001)
(25.10317999999999, 121.58882000000001)
(25.10317999999999, 121.60682000000001)
(25.10317999999999, 121.62482000000001)
(25.10317999999999, 121.64282000000001)
(25.10317999999999, 121.66082000000002)
(25.10317999999999, 121.67882000000002)
(25.10317999999999, 121.69682000000002)
(25.10317999999999, 121.71482000000002)
(25.10317999999999, 121.73282000000002)
(25.10317999999999, 121.75082000000002)
(25.10317999999999, 121.76882000000002)
(25.10317999999999, 121.78682000000002)
(25.10317999999999, 121.80482000000002)
(25.10317999999999, 121.82282000000002)
(25.10317999999999, 121.84082000000002)
(25.10317999999999, 121.85882000000002)
(25.10317999999999, 121.87682000000002)
(25.10317999999999, 121.89482000000002)
(25.10317999999999, 121.91282000000002)
(25.10317999999999, 121.93082000000003)
(25.10317999999999, 121.94882000000003)
(25.10317999999999, 121.96682000000003)
(25.10317999999999, 121.98482000000003)
(25.10317999999999, 122.00282000000003)
(25.08517999999999, 121.28282)
(25.08517999999999, 121.30082)
(25.08517999999999, 121.31882)
(25.08517999999999, 121.33682)
(25.08517999999999, 121.35482)
(25.08517999999999, 121.37282)
(25.08517999999999, 121.39082)
(25.08517999999999, 121.40882)
(25.08517999999999, 121.42682)
(25.08517999999999, 121.44482)
(25.08517999999999, 121.46282000000001)
(25.08517999999999, 121.48082000000001)
(25.08517999999999, 121.49882000000001)
(25.08517999999999, 121.51682000000001)
(25.08517999999999, 121.53482000000001)
(25.08517999999999, 121.55282000000001)
(25.08517999999999, 121.57082000000001)
(25.08517999999999, 121.58882000000001)
(25.08517999999999, 121.60682000000001)
(25.08517999999999, 121.62482000000001)
(25.08517999999999, 121.64282000000001)
(25.08517999999999, 121.66082000000002)
(25.08517999999999, 121.67882000000002)
(25.08517999999999, 121.69682000000002)
(25.08517999999999, 121.71482000000002)
(25.08517999999999, 121.73282000000002)
(25.08517999999999, 121.75082000000002)
(25.08517999999999, 121.76882000000002)
(25.08517999999999, 121.78682000000002)
(25.08517999999999, 121.80482000000002)
(25.08517999999999, 121.82282000000002)
(25.08517999999999, 121.84082000000002)
(25.08517999999999, 121.85882000000002)
(25.08517999999999, 121.87682000000002)
(25.08517999999999, 121.89482000000002)
(25.08517999999999, 121.91282000000002)
(25.08517999999999, 121.93082000000003)
(25.08517999999999, 121.94882000000003)
(25.08517999999999, 121.96682000000003)
(25.08517999999999, 121.98482000000003)
(25.08517999999999, 122.00282000000003)
(25.06717999999999, 121.28282)
(25.06717999999999, 121.30082)
(25.06717999999999, 121.31882)
(25.06717999999999, 121.33682)
(25.06717999999999, 121.35482)
(25.06717999999999, 121.37282)
(25.06717999999999, 121.39082)
(25.06717999999999, 121.40882)
(25.06717999999999, 121.42682)
(25.06717999999999, 121.44482)
(25.06717999999999, 121.46282000000001)
(25.06717999999999, 121.48082000000001)
(25.06717999999999, 121.49882000000001)
(25.06717999999999, 121.51682000000001)
(25.06717999999999, 121.53482000000001)
(25.06717999999999, 121.55282000000001)
(25.06717999999999, 121.57082000000001)
(25.06717999999999, 121.58882000000001)
(25.06717999999999, 121.60682000000001)
(25.06717999999999, 121.62482000000001)
(25.06717999999999, 121.64282000000001)
(25.06717999999999, 121.66082000000002)
(25.06717999999999, 121.67882000000002)
(25.06717999999999, 121.69682000000002)
(25.06717999999999, 121.71482000000002)
(25.06717999999999, 121.73282000000002)
(25.06717999999999, 121.75082000000002)
(25.06717999999999, 121.76882000000002)
(25.06717999999999, 121.78682000000002)
(25.06717999999999, 121.80482000000002)
(25.06717999999999, 121.82282000000002)
(25.06717999999999, 121.84082000000002)
(25.06717999999999, 121.85882000000002)
(25.06717999999999, 121.87682000000002)
(25.06717999999999, 121.89482000000002)
(25.06717999999999, 121.91282000000002)
(25.06717999999999, 121.93082000000003)
(25.06717999999999, 121.94882000000003)
(25.06717999999999, 121.96682000000003)
(25.06717999999999, 121.98482000000003)
(25.06717999999999, 122.00282000000003)
(25.04917999999999, 121.28282)
(25.04917999999999, 121.30082)
(25.04917999999999, 121.31882)
(25.04917999999999, 121.33682)
(25.04917999999999, 121.35482)
(25.04917999999999, 121.37282)
(25.04917999999999, 121.39082)
(25.04917999999999, 121.40882)
(25.04917999999999, 121.42682)
(25.04917999999999, 121.44482)
(25.04917999999999, 121.46282000000001)
(25.04917999999999, 121.48082000000001)
(25.04917999999999, 121.49882000000001)
(25.04917999999999, 121.51682000000001)
(25.04917999999999, 121.53482000000001)
(25.04917999999999, 121.55282000000001)
(25.04917999999999, 121.57082000000001)
(25.04917999999999, 121.58882000000001)
(25.04917999999999, 121.60682000000001)
(25.04917999999999, 121.62482000000001)
(25.04917999999999, 121.64282000000001)
(25.04917999999999, 121.66082000000002)
(25.04917999999999, 121.67882000000002)
(25.04917999999999, 121.69682000000002)
(25.04917999999999, 121.71482000000002)
(25.04917999999999, 121.73282000000002)
(25.04917999999999, 121.75082000000002)
(25.04917999999999, 121.76882000000002)
(25.04917999999999, 121.78682000000002)
(25.04917999999999, 121.80482000000002)
(25.04917999999999, 121.82282000000002)
(25.04917999999999, 121.84082000000002)
(25.04917999999999, 121.85882000000002)
(25.04917999999999, 121.87682000000002)
(25.04917999999999, 121.89482000000002)
(25.04917999999999, 121.91282000000002)
(25.04917999999999, 121.93082000000003)
(25.04917999999999, 121.94882000000003)
(25.04917999999999, 121.96682000000003)
(25.04917999999999, 121.98482000000003)
(25.04917999999999, 122.00282000000003)
(25.03117999999999, 121.28282)
(25.03117999999999, 121.30082)
(25.03117999999999, 121.31882)
(25.03117999999999, 121.33682)
(25.03117999999999, 121.35482)
(25.03117999999999, 121.37282)
(25.03117999999999, 121.39082)
(25.03117999999999, 121.40882)
(25.03117999999999, 121.42682)
(25.03117999999999, 121.44482)
(25.03117999999999, 121.46282000000001)
(25.03117999999999, 121.48082000000001)
(25.03117999999999, 121.49882000000001)
(25.03117999999999, 121.51682000000001)
(25.03117999999999, 121.53482000000001)
(25.03117999999999, 121.55282000000001)
(25.03117999999999, 121.57082000000001)
(25.03117999999999, 121.58882000000001)
(25.03117999999999, 121.60682000000001)
(25.03117999999999, 121.62482000000001)
(25.03117999999999, 121.64282000000001)
(25.03117999999999, 121.66082000000002)
(25.03117999999999, 121.67882000000002)
(25.03117999999999, 121.69682000000002)
(25.03117999999999, 121.71482000000002)
(25.03117999999999, 121.73282000000002)
(25.03117999999999, 121.75082000000002)
(25.03117999999999, 121.76882000000002)
(25.03117999999999, 121.78682000000002)
(25.03117999999999, 121.80482000000002)
(25.03117999999999, 121.82282000000002)
(25.03117999999999, 121.84082000000002)
(25.03117999999999, 121.85882000000002)
(25.03117999999999, 121.87682000000002)
(25.03117999999999, 121.89482000000002)
(25.03117999999999, 121.91282000000002)
(25.03117999999999, 121.93082000000003)
(25.03117999999999, 121.94882000000003)
(25.03117999999999, 121.96682000000003)
(25.03117999999999, 121.98482000000003)
(25.03117999999999, 122.00282000000003)
(25.013179999999988, 121.28282)
(25.013179999999988, 121.30082)
(25.013179999999988, 121.31882)
(25.013179999999988, 121.33682)
(25.013179999999988, 121.35482)
(25.013179999999988, 121.37282)
(25.013179999999988, 121.39082)
(25.013179999999988, 121.40882)
(25.013179999999988, 121.42682)
(25.013179999999988, 121.44482)
(25.013179999999988, 121.46282000000001)
(25.013179999999988, 121.48082000000001)
(25.013179999999988, 121.49882000000001)
(25.013179999999988, 121.51682000000001)
(25.013179999999988, 121.53482000000001)
(25.013179999999988, 121.55282000000001)
(25.013179999999988, 121.57082000000001)
(25.013179999999988, 121.58882000000001)
(25.013179999999988, 121.60682000000001)
(25.013179999999988, 121.62482000000001)
(25.013179999999988, 121.64282000000001)
(25.013179999999988, 121.66082000000002)
(25.013179999999988, 121.67882000000002)
(25.013179999999988, 121.69682000000002)
(25.013179999999988, 121.71482000000002)
(25.013179999999988, 121.73282000000002)
(25.013179999999988, 121.75082000000002)
(25.013179999999988, 121.76882000000002)
(25.013179999999988, 121.78682000000002)
(25.013179999999988, 121.80482000000002)
(25.013179999999988, 121.82282000000002)
(25.013179999999988, 121.84082000000002)
(25.013179999999988, 121.85882000000002)
(25.013179999999988, 121.87682000000002)
(25.013179999999988, 121.89482000000002)
(25.013179999999988, 121.91282000000002)
(25.013179999999988, 121.93082000000003)
(25.013179999999988, 121.94882000000003)
(25.013179999999988, 121.96682000000003)
(25.013179999999988, 121.98482000000003)
(25.013179999999988, 122.00282000000003)
(24.995179999999987, 121.28282)
(24.995179999999987, 121.30082)
(24.995179999999987, 121.31882)
(24.995179999999987, 121.33682)
(24.995179999999987, 121.35482)
(24.995179999999987, 121.37282)
(24.995179999999987, 121.39082)
(24.995179999999987, 121.40882)
(24.995179999999987, 121.42682)
(24.995179999999987, 121.44482)
(24.995179999999987, 121.46282000000001)
(24.995179999999987, 121.48082000000001)
(24.995179999999987, 121.49882000000001)
(24.995179999999987, 121.51682000000001)
(24.995179999999987, 121.53482000000001)
(24.995179999999987, 121.55282000000001)
(24.995179999999987, 121.57082000000001)
(24.995179999999987, 121.58882000000001)
(24.995179999999987, 121.60682000000001)
(24.995179999999987, 121.62482000000001)
(24.995179999999987, 121.64282000000001)
(24.995179999999987, 121.66082000000002)
(24.995179999999987, 121.67882000000002)
(24.995179999999987, 121.69682000000002)
(24.995179999999987, 121.71482000000002)
(24.995179999999987, 121.73282000000002)
(24.995179999999987, 121.75082000000002)
(24.995179999999987, 121.76882000000002)
(24.995179999999987, 121.78682000000002)
(24.995179999999987, 121.80482000000002)
(24.995179999999987, 121.82282000000002)
(24.995179999999987, 121.84082000000002)
(24.995179999999987, 121.85882000000002)
(24.995179999999987, 121.87682000000002)
(24.995179999999987, 121.89482000000002)
(24.995179999999987, 121.91282000000002)
(24.995179999999987, 121.93082000000003)
(24.995179999999987, 121.94882000000003)
(24.995179999999987, 121.96682000000003)
(24.995179999999987, 121.98482000000003)
(24.995179999999987, 122.00282000000003)
(24.977179999999986, 121.28282)
(24.977179999999986, 121.30082)
(24.977179999999986, 121.31882)
(24.977179999999986, 121.33682)
(24.977179999999986, 121.35482)
(24.977179999999986, 121.37282)
(24.977179999999986, 121.39082)
(24.977179999999986, 121.40882)
(24.977179999999986, 121.42682)
(24.977179999999986, 121.44482)
(24.977179999999986, 121.46282000000001)
(24.977179999999986, 121.48082000000001)
(24.977179999999986, 121.49882000000001)
(24.977179999999986, 121.51682000000001)
(24.977179999999986, 121.53482000000001)
(24.977179999999986, 121.55282000000001)
(24.977179999999986, 121.57082000000001)
(24.977179999999986, 121.58882000000001)
(24.977179999999986, 121.60682000000001)
(24.977179999999986, 121.62482000000001)
(24.977179999999986, 121.64282000000001)
(24.977179999999986, 121.66082000000002)
(24.977179999999986, 121.67882000000002)
(24.977179999999986, 121.69682000000002)
(24.977179999999986, 121.71482000000002)
(24.977179999999986, 121.73282000000002)
(24.977179999999986, 121.75082000000002)
(24.977179999999986, 121.76882000000002)
(24.977179999999986, 121.78682000000002)
(24.977179999999986, 121.80482000000002)
(24.977179999999986, 121.82282000000002)
(24.977179999999986, 121.84082000000002)
(24.977179999999986, 121.85882000000002)
(24.977179999999986, 121.87682000000002)
(24.977179999999986, 121.89482000000002)
(24.977179999999986, 121.91282000000002)
(24.977179999999986, 121.93082000000003)
(24.977179999999986, 121.94882000000003)
(24.977179999999986, 121.96682000000003)
(24.977179999999986, 121.98482000000003)
(24.977179999999986, 122.00282000000003)
(24.959179999999986, 121.28282)
(24.959179999999986, 121.30082)
(24.959179999999986, 121.31882)
(24.959179999999986, 121.33682)
(24.959179999999986, 121.35482)
(24.959179999999986, 121.37282)
(24.959179999999986, 121.39082)
(24.959179999999986, 121.40882)
(24.959179999999986, 121.42682)
(24.959179999999986, 121.44482)
(24.959179999999986, 121.46282000000001)
(24.959179999999986, 121.48082000000001)
(24.959179999999986, 121.49882000000001)
(24.959179999999986, 121.51682000000001)
(24.959179999999986, 121.53482000000001)
(24.959179999999986, 121.55282000000001)
(24.959179999999986, 121.57082000000001)
(24.959179999999986, 121.58882000000001)
(24.959179999999986, 121.60682000000001)
(24.959179999999986, 121.62482000000001)
(24.959179999999986, 121.64282000000001)
(24.959179999999986, 121.66082000000002)
(24.959179999999986, 121.67882000000002)
(24.959179999999986, 121.69682000000002)
(24.959179999999986, 121.71482000000002)
(24.959179999999986, 121.73282000000002)
(24.959179999999986, 121.75082000000002)
(24.959179999999986, 121.76882000000002)
(24.959179999999986, 121.78682000000002)
(24.959179999999986, 121.80482000000002)
(24.959179999999986, 121.82282000000002)
(24.959179999999986, 121.84082000000002)
(24.959179999999986, 121.85882000000002)
(24.959179999999986, 121.87682000000002)
(24.959179999999986, 121.89482000000002)
(24.959179999999986, 121.91282000000002)
(24.959179999999986, 121.93082000000003)
(24.959179999999986, 121.94882000000003)
(24.959179999999986, 121.96682000000003)
(24.959179999999986, 121.98482000000003)
(24.959179999999986, 122.00282000000003)
(24.941179999999985, 121.28282)
(24.941179999999985, 121.30082)
(24.941179999999985, 121.31882)
(24.941179999999985, 121.33682)
(24.941179999999985, 121.35482)
(24.941179999999985, 121.37282)
(24.941179999999985, 121.39082)
(24.941179999999985, 121.40882)
(24.941179999999985, 121.42682)
(24.941179999999985, 121.44482)
(24.941179999999985, 121.46282000000001)
(24.941179999999985, 121.48082000000001)
(24.941179999999985, 121.49882000000001)
(24.941179999999985, 121.51682000000001)
(24.941179999999985, 121.53482000000001)
(24.941179999999985, 121.55282000000001)
(24.941179999999985, 121.57082000000001)
(24.941179999999985, 121.58882000000001)
(24.941179999999985, 121.60682000000001)
(24.941179999999985, 121.62482000000001)
(24.941179999999985, 121.64282000000001)
(24.941179999999985, 121.66082000000002)
(24.941179999999985, 121.67882000000002)
(24.941179999999985, 121.69682000000002)
(24.941179999999985, 121.71482000000002)
(24.941179999999985, 121.73282000000002)
(24.941179999999985, 121.75082000000002)
(24.941179999999985, 121.76882000000002)
(24.941179999999985, 121.78682000000002)
(24.941179999999985, 121.80482000000002)
(24.941179999999985, 121.82282000000002)
(24.941179999999985, 121.84082000000002)
(24.941179999999985, 121.85882000000002)
(24.941179999999985, 121.87682000000002)
(24.941179999999985, 121.89482000000002)
(24.941179999999985, 121.91282000000002)
(24.941179999999985, 121.93082000000003)
(24.941179999999985, 121.94882000000003)
(24.941179999999985, 121.96682000000003)
(24.941179999999985, 121.98482000000003)
(24.941179999999985, 122.00282000000003)
(24.923179999999984, 121.28282)
(24.923179999999984, 121.30082)
(24.923179999999984, 121.31882)
(24.923179999999984, 121.33682)
(24.923179999999984, 121.35482)
(24.923179999999984, 121.37282)
(24.923179999999984, 121.39082)
(24.923179999999984, 121.40882)
(24.923179999999984, 121.42682)
(24.923179999999984, 121.44482)
(24.923179999999984, 121.46282000000001)
(24.923179999999984, 121.48082000000001)
(24.923179999999984, 121.49882000000001)
(24.923179999999984, 121.51682000000001)
(24.923179999999984, 121.53482000000001)
(24.923179999999984, 121.55282000000001)
(24.923179999999984, 121.57082000000001)
(24.923179999999984, 121.58882000000001)
(24.923179999999984, 121.60682000000001)
(24.923179999999984, 121.62482000000001)
(24.923179999999984, 121.64282000000001)
(24.923179999999984, 121.66082000000002)
(24.923179999999984, 121.67882000000002)
(24.923179999999984, 121.69682000000002)
(24.923179999999984, 121.71482000000002)
(24.923179999999984, 121.73282000000002)
(24.923179999999984, 121.75082000000002)
(24.923179999999984, 121.76882000000002)
(24.923179999999984, 121.78682000000002)
(24.923179999999984, 121.80482000000002)
(24.923179999999984, 121.82282000000002)
(24.923179999999984, 121.84082000000002)
(24.923179999999984, 121.85882000000002)
(24.923179999999984, 121.87682000000002)
(24.923179999999984, 121.89482000000002)
(24.923179999999984, 121.91282000000002)
(24.923179999999984, 121.93082000000003)
(24.923179999999984, 121.94882000000003)
(24.923179999999984, 121.96682000000003)
(24.923179999999984, 121.98482000000003)
(24.923179999999984, 122.00282000000003)
(24.905179999999984, 121.28282)
(24.905179999999984, 121.30082)
(24.905179999999984, 121.31882)
(24.905179999999984, 121.33682)
(24.905179999999984, 121.35482)
(24.905179999999984, 121.37282)
(24.905179999999984, 121.39082)
(24.905179999999984, 121.40882)
(24.905179999999984, 121.42682)
(24.905179999999984, 121.44482)
(24.905179999999984, 121.46282000000001)
(24.905179999999984, 121.48082000000001)
(24.905179999999984, 121.49882000000001)
(24.905179999999984, 121.51682000000001)
(24.905179999999984, 121.53482000000001)
(24.905179999999984, 121.55282000000001)
(24.905179999999984, 121.57082000000001)
(24.905179999999984, 121.58882000000001)
(24.905179999999984, 121.60682000000001)
(24.905179999999984, 121.62482000000001)
(24.905179999999984, 121.64282000000001)
(24.905179999999984, 121.66082000000002)
(24.905179999999984, 121.67882000000002)
(24.905179999999984, 121.69682000000002)
(24.905179999999984, 121.71482000000002)
(24.905179999999984, 121.73282000000002)
(24.905179999999984, 121.75082000000002)
(24.905179999999984, 121.76882000000002)
(24.905179999999984, 121.78682000000002)
(24.905179999999984, 121.80482000000002)
(24.905179999999984, 121.82282000000002)
(24.905179999999984, 121.84082000000002)
(24.905179999999984, 121.85882000000002)
(24.905179999999984, 121.87682000000002)
(24.905179999999984, 121.89482000000002)
(24.905179999999984, 121.91282000000002)
(24.905179999999984, 121.93082000000003)
(24.905179999999984, 121.94882000000003)
(24.905179999999984, 121.96682000000003)
(24.905179999999984, 121.98482000000003)
(24.905179999999984, 122.00282000000003)
(24.887179999999983, 121.28282)
(24.887179999999983, 121.30082)
(24.887179999999983, 121.31882)
(24.887179999999983, 121.33682)
(24.887179999999983, 121.35482)
(24.887179999999983, 121.37282)
(24.887179999999983, 121.39082)
(24.887179999999983, 121.40882)
(24.887179999999983, 121.42682)
(24.887179999999983, 121.44482)
(24.887179999999983, 121.46282000000001)
(24.887179999999983, 121.48082000000001)
(24.887179999999983, 121.49882000000001)
(24.887179999999983, 121.51682000000001)
(24.887179999999983, 121.53482000000001)
(24.887179999999983, 121.55282000000001)
(24.887179999999983, 121.57082000000001)
(24.887179999999983, 121.58882000000001)
(24.887179999999983, 121.60682000000001)
(24.887179999999983, 121.62482000000001)
(24.887179999999983, 121.64282000000001)
(24.887179999999983, 121.66082000000002)
(24.887179999999983, 121.67882000000002)
(24.887179999999983, 121.69682000000002)
(24.887179999999983, 121.71482000000002)
(24.887179999999983, 121.73282000000002)
(24.887179999999983, 121.75082000000002)
(24.887179999999983, 121.76882000000002)
(24.887179999999983, 121.78682000000002)
(24.887179999999983, 121.80482000000002)
(24.887179999999983, 121.82282000000002)
(24.887179999999983, 121.84082000000002)
(24.887179999999983, 121.85882000000002)
(24.887179999999983, 121.87682000000002)
(24.887179999999983, 121.89482000000002)
(24.887179999999983, 121.91282000000002)
(24.887179999999983, 121.93082000000003)
(24.887179999999983, 121.94882000000003)
(24.887179999999983, 121.96682000000003)
(24.887179999999983, 121.98482000000003)
(24.887179999999983, 122.00282000000003)
(24.869179999999982, 121.28282)
(24.869179999999982, 121.30082)
(24.869179999999982, 121.31882)
(24.869179999999982, 121.33682)
(24.869179999999982, 121.35482)
(24.869179999999982, 121.37282)
(24.869179999999982, 121.39082)
(24.869179999999982, 121.40882)
(24.869179999999982, 121.42682)
(24.869179999999982, 121.44482)
(24.869179999999982, 121.46282000000001)
(24.869179999999982, 121.48082000000001)
(24.869179999999982, 121.49882000000001)
(24.869179999999982, 121.51682000000001)
(24.869179999999982, 121.53482000000001)
(24.869179999999982, 121.55282000000001)
(24.869179999999982, 121.57082000000001)
(24.869179999999982, 121.58882000000001)
(24.869179999999982, 121.60682000000001)
(24.869179999999982, 121.62482000000001)
(24.869179999999982, 121.64282000000001)
(24.869179999999982, 121.66082000000002)
(24.869179999999982, 121.67882000000002)
(24.869179999999982, 121.69682000000002)
(24.869179999999982, 121.71482000000002)
(24.869179999999982, 121.73282000000002)
(24.869179999999982, 121.75082000000002)
(24.869179999999982, 121.76882000000002)
(24.869179999999982, 121.78682000000002)
(24.869179999999982, 121.80482000000002)
(24.869179999999982, 121.82282000000002)
(24.869179999999982, 121.84082000000002)
(24.869179999999982, 121.85882000000002)
(24.869179999999982, 121.87682000000002)
(24.869179999999982, 121.89482000000002)
(24.869179999999982, 121.91282000000002)
(24.869179999999982, 121.93082000000003)
(24.869179999999982, 121.94882000000003)
(24.869179999999982, 121.96682000000003)
(24.869179999999982, 121.98482000000003)
(24.869179999999982, 122.00282000000003)
(24.85117999999998, 121.28282)
(24.85117999999998, 121.30082)
(24.85117999999998, 121.31882)
(24.85117999999998, 121.33682)
(24.85117999999998, 121.35482)
(24.85117999999998, 121.37282)
(24.85117999999998, 121.39082)
(24.85117999999998, 121.40882)
(24.85117999999998, 121.42682)
(24.85117999999998, 121.44482)
(24.85117999999998, 121.46282000000001)
(24.85117999999998, 121.48082000000001)
(24.85117999999998, 121.49882000000001)
(24.85117999999998, 121.51682000000001)
(24.85117999999998, 121.53482000000001)
(24.85117999999998, 121.55282000000001)
(24.85117999999998, 121.57082000000001)
(24.85117999999998, 121.58882000000001)
(24.85117999999998, 121.60682000000001)
(24.85117999999998, 121.62482000000001)
(24.85117999999998, 121.64282000000001)
(24.85117999999998, 121.66082000000002)
(24.85117999999998, 121.67882000000002)
(24.85117999999998, 121.69682000000002)
(24.85117999999998, 121.71482000000002)
(24.85117999999998, 121.73282000000002)
(24.85117999999998, 121.75082000000002)
(24.85117999999998, 121.76882000000002)
(24.85117999999998, 121.78682000000002)
(24.85117999999998, 121.80482000000002)
(24.85117999999998, 121.82282000000002)
(24.85117999999998, 121.84082000000002)
(24.85117999999998, 121.85882000000002)
(24.85117999999998, 121.87682000000002)
(24.85117999999998, 121.89482000000002)
(24.85117999999998, 121.91282000000002)
(24.85117999999998, 121.93082000000003)
(24.85117999999998, 121.94882000000003)
(24.85117999999998, 121.96682000000003)
(24.85117999999998, 121.98482000000003)
(24.85117999999998, 122.00282000000003)
(24.83317999999998, 121.28282)
(24.83317999999998, 121.30082)
(24.83317999999998, 121.31882)
(24.83317999999998, 121.33682)
(24.83317999999998, 121.35482)
(24.83317999999998, 121.37282)
(24.83317999999998, 121.39082)
(24.83317999999998, 121.40882)
(24.83317999999998, 121.42682)
(24.83317999999998, 121.44482)
(24.83317999999998, 121.46282000000001)
(24.83317999999998, 121.48082000000001)
(24.83317999999998, 121.49882000000001)
(24.83317999999998, 121.51682000000001)
(24.83317999999998, 121.53482000000001)
(24.83317999999998, 121.55282000000001)
(24.83317999999998, 121.57082000000001)
(24.83317999999998, 121.58882000000001)
(24.83317999999998, 121.60682000000001)
(24.83317999999998, 121.62482000000001)
(24.83317999999998, 121.64282000000001)
(24.83317999999998, 121.66082000000002)
(24.83317999999998, 121.67882000000002)
(24.83317999999998, 121.69682000000002)
(24.83317999999998, 121.71482000000002)
(24.83317999999998, 121.73282000000002)
(24.83317999999998, 121.75082000000002)
(24.83317999999998, 121.76882000000002)
(24.83317999999998, 121.78682000000002)
(24.83317999999998, 121.80482000000002)
(24.83317999999998, 121.82282000000002)
(24.83317999999998, 121.84082000000002)
(24.83317999999998, 121.85882000000002)
(24.83317999999998, 121.87682000000002)
(24.83317999999998, 121.89482000000002)
(24.83317999999998, 121.91282000000002)
(24.83317999999998, 121.93082000000003)
(24.83317999999998, 121.94882000000003)
(24.83317999999998, 121.96682000000003)
(24.83317999999998, 121.98482000000003)
(24.83317999999998, 122.00282000000003)
(24.81517999999998, 121.28282)
(24.81517999999998, 121.30082)
(24.81517999999998, 121.31882)
(24.81517999999998, 121.33682)
(24.81517999999998, 121.35482)
(24.81517999999998, 121.37282)
(24.81517999999998, 121.39082)
(24.81517999999998, 121.40882)
(24.81517999999998, 121.42682)
(24.81517999999998, 121.44482)
(24.81517999999998, 121.46282000000001)
(24.81517999999998, 121.48082000000001)
(24.81517999999998, 121.49882000000001)
(24.81517999999998, 121.51682000000001)
(24.81517999999998, 121.53482000000001)
(24.81517999999998, 121.55282000000001)
(24.81517999999998, 121.57082000000001)
(24.81517999999998, 121.58882000000001)
(24.81517999999998, 121.60682000000001)
(24.81517999999998, 121.62482000000001)
(24.81517999999998, 121.64282000000001)
(24.81517999999998, 121.66082000000002)
(24.81517999999998, 121.67882000000002)
(24.81517999999998, 121.69682000000002)
(24.81517999999998, 121.71482000000002)
(24.81517999999998, 121.73282000000002)
(24.81517999999998, 121.75082000000002)
(24.81517999999998, 121.76882000000002)
(24.81517999999998, 121.78682000000002)
(24.81517999999998, 121.80482000000002)
(24.81517999999998, 121.82282000000002)
(24.81517999999998, 121.84082000000002)
(24.81517999999998, 121.85882000000002)
(24.81517999999998, 121.87682000000002)
(24.81517999999998, 121.89482000000002)
(24.81517999999998, 121.91282000000002)
(24.81517999999998, 121.93082000000003)
(24.81517999999998, 121.94882000000003)
(24.81517999999998, 121.96682000000003)
(24.81517999999998, 121.98482000000003)
(24.81517999999998, 122.00282000000003)
(24.79717999999998, 121.28282)
(24.79717999999998, 121.30082)
(24.79717999999998, 121.31882)
(24.79717999999998, 121.33682)
(24.79717999999998, 121.35482)
(24.79717999999998, 121.37282)
(24.79717999999998, 121.39082)
(24.79717999999998, 121.40882)
(24.79717999999998, 121.42682)
(24.79717999999998, 121.44482)
(24.79717999999998, 121.46282000000001)
(24.79717999999998, 121.48082000000001)
(24.79717999999998, 121.49882000000001)
(24.79717999999998, 121.51682000000001)
(24.79717999999998, 121.53482000000001)
(24.79717999999998, 121.55282000000001)
(24.79717999999998, 121.57082000000001)
(24.79717999999998, 121.58882000000001)
(24.79717999999998, 121.60682000000001)
(24.79717999999998, 121.62482000000001)
(24.79717999999998, 121.64282000000001)
(24.79717999999998, 121.66082000000002)
(24.79717999999998, 121.67882000000002)
(24.79717999999998, 121.69682000000002)
(24.79717999999998, 121.71482000000002)
(24.79717999999998, 121.73282000000002)
(24.79717999999998, 121.75082000000002)
(24.79717999999998, 121.76882000000002)
(24.79717999999998, 121.78682000000002)
(24.79717999999998, 121.80482000000002)
(24.79717999999998, 121.82282000000002)
(24.79717999999998, 121.84082000000002)
(24.79717999999998, 121.85882000000002)
(24.79717999999998, 121.87682000000002)
(24.79717999999998, 121.89482000000002)
(24.79717999999998, 121.91282000000002)
(24.79717999999998, 121.93082000000003)
(24.79717999999998, 121.94882000000003)
(24.79717999999998, 121.96682000000003)
(24.79717999999998, 121.98482000000003)
(24.79717999999998, 122.00282000000003)
(24.77917999999998, 121.28282)
(24.77917999999998, 121.30082)
(24.77917999999998, 121.31882)
(24.77917999999998, 121.33682)
(24.77917999999998, 121.35482)
(24.77917999999998, 121.37282)
(24.77917999999998, 121.39082)
(24.77917999999998, 121.40882)
(24.77917999999998, 121.42682)
(24.77917999999998, 121.44482)
(24.77917999999998, 121.46282000000001)
(24.77917999999998, 121.48082000000001)
(24.77917999999998, 121.49882000000001)
(24.77917999999998, 121.51682000000001)
(24.77917999999998, 121.53482000000001)
(24.77917999999998, 121.55282000000001)
(24.77917999999998, 121.57082000000001)
(24.77917999999998, 121.58882000000001)
(24.77917999999998, 121.60682000000001)
(24.77917999999998, 121.62482000000001)
(24.77917999999998, 121.64282000000001)
(24.77917999999998, 121.66082000000002)
(24.77917999999998, 121.67882000000002)
(24.77917999999998, 121.69682000000002)
(24.77917999999998, 121.71482000000002)
(24.77917999999998, 121.73282000000002)
(24.77917999999998, 121.75082000000002)
(24.77917999999998, 121.76882000000002)
(24.77917999999998, 121.78682000000002)
(24.77917999999998, 121.80482000000002)
(24.77917999999998, 121.82282000000002)
(24.77917999999998, 121.84082000000002)
(24.77917999999998, 121.85882000000002)
(24.77917999999998, 121.87682000000002)
(24.77917999999998, 121.89482000000002)
(24.77917999999998, 121.91282000000002)
(24.77917999999998, 121.93082000000003)
(24.77917999999998, 121.94882000000003)
(24.77917999999998, 121.96682000000003)
(24.77917999999998, 121.98482000000003)
(24.77917999999998, 122.00282000000003)
(24.761179999999978, 121.28282)
(24.761179999999978, 121.30082)
(24.761179999999978, 121.31882)
(24.761179999999978, 121.33682)
(24.761179999999978, 121.35482)
(24.761179999999978, 121.37282)
(24.761179999999978, 121.39082)
(24.761179999999978, 121.40882)
(24.761179999999978, 121.42682)
(24.761179999999978, 121.44482)
(24.761179999999978, 121.46282000000001)
(24.761179999999978, 121.48082000000001)
(24.761179999999978, 121.49882000000001)
(24.761179999999978, 121.51682000000001)
(24.761179999999978, 121.53482000000001)
(24.761179999999978, 121.55282000000001)
(24.761179999999978, 121.57082000000001)
(24.761179999999978, 121.58882000000001)
(24.761179999999978, 121.60682000000001)
(24.761179999999978, 121.62482000000001)
(24.761179999999978, 121.64282000000001)
(24.761179999999978, 121.66082000000002)
(24.761179999999978, 121.67882000000002)
(24.761179999999978, 121.69682000000002)
(24.761179999999978, 121.71482000000002)
(24.761179999999978, 121.73282000000002)
(24.761179999999978, 121.75082000000002)
(24.761179999999978, 121.76882000000002)
(24.761179999999978, 121.78682000000002)
(24.761179999999978, 121.80482000000002)
(24.761179999999978, 121.82282000000002)
(24.761179999999978, 121.84082000000002)
(24.761179999999978, 121.85882000000002)
(24.761179999999978, 121.87682000000002)
(24.761179999999978, 121.89482000000002)
(24.761179999999978, 121.91282000000002)
(24.761179999999978, 121.93082000000003)
(24.761179999999978, 121.94882000000003)
(24.761179999999978, 121.96682000000003)
(24.761179999999978, 121.98482000000003)
(24.761179999999978, 122.00282000000003)
(24.743179999999978, 121.28282)
(24.743179999999978, 121.30082)
(24.743179999999978, 121.31882)
(24.743179999999978, 121.33682)
(24.743179999999978, 121.35482)
(24.743179999999978, 121.37282)
(24.743179999999978, 121.39082)
(24.743179999999978, 121.40882)
(24.743179999999978, 121.42682)
(24.743179999999978, 121.44482)
(24.743179999999978, 121.46282000000001)
(24.743179999999978, 121.48082000000001)
(24.743179999999978, 121.49882000000001)
(24.743179999999978, 121.51682000000001)
(24.743179999999978, 121.53482000000001)
(24.743179999999978, 121.55282000000001)
(24.743179999999978, 121.57082000000001)
(24.743179999999978, 121.58882000000001)
(24.743179999999978, 121.60682000000001)
(24.743179999999978, 121.62482000000001)
(24.743179999999978, 121.64282000000001)
(24.743179999999978, 121.66082000000002)
(24.743179999999978, 121.67882000000002)
(24.743179999999978, 121.69682000000002)
(24.743179999999978, 121.71482000000002)
(24.743179999999978, 121.73282000000002)
(24.743179999999978, 121.75082000000002)
(24.743179999999978, 121.76882000000002)
(24.743179999999978, 121.78682000000002)
(24.743179999999978, 121.80482000000002)
(24.743179999999978, 121.82282000000002)
(24.743179999999978, 121.84082000000002)
(24.743179999999978, 121.85882000000002)
(24.743179999999978, 121.87682000000002)
(24.743179999999978, 121.89482000000002)
(24.743179999999978, 121.91282000000002)
(24.743179999999978, 121.93082000000003)
(24.743179999999978, 121.94882000000003)
(24.743179999999978, 121.96682000000003)
(24.743179999999978, 121.98482000000003)
(24.743179999999978, 122.00282000000003)
(24.725179999999977, 121.28282)
(24.725179999999977, 121.30082)
(24.725179999999977, 121.31882)
(24.725179999999977, 121.33682)
(24.725179999999977, 121.35482)
(24.725179999999977, 121.37282)
(24.725179999999977, 121.39082)
(24.725179999999977, 121.40882)
(24.725179999999977, 121.42682)
(24.725179999999977, 121.44482)
(24.725179999999977, 121.46282000000001)
(24.725179999999977, 121.48082000000001)
(24.725179999999977, 121.49882000000001)
(24.725179999999977, 121.51682000000001)
(24.725179999999977, 121.53482000000001)
(24.725179999999977, 121.55282000000001)
(24.725179999999977, 121.57082000000001)
(24.725179999999977, 121.58882000000001)
(24.725179999999977, 121.60682000000001)
(24.725179999999977, 121.62482000000001)
(24.725179999999977, 121.64282000000001)
(24.725179999999977, 121.66082000000002)
(24.725179999999977, 121.67882000000002)
(24.725179999999977, 121.69682000000002)
(24.725179999999977, 121.71482000000002)
(24.725179999999977, 121.73282000000002)
(24.725179999999977, 121.75082000000002)
(24.725179999999977, 121.76882000000002)
(24.725179999999977, 121.78682000000002)
(24.725179999999977, 121.80482000000002)
(24.725179999999977, 121.82282000000002)
(24.725179999999977, 121.84082000000002)
(24.725179999999977, 121.85882000000002)
(24.725179999999977, 121.87682000000002)
(24.725179999999977, 121.89482000000002)
(24.725179999999977, 121.91282000000002)
(24.725179999999977, 121.93082000000003)
(24.725179999999977, 121.94882000000003)
(24.725179999999977, 121.96682000000003)
(24.725179999999977, 121.98482000000003)
(24.725179999999977, 122.00282000000003)
(24.707179999999976, 121.28282)
(24.707179999999976, 121.30082)
(24.707179999999976, 121.31882)
(24.707179999999976, 121.33682)
(24.707179999999976, 121.35482)
(24.707179999999976, 121.37282)
(24.707179999999976, 121.39082)
(24.707179999999976, 121.40882)
(24.707179999999976, 121.42682)
(24.707179999999976, 121.44482)
(24.707179999999976, 121.46282000000001)
(24.707179999999976, 121.48082000000001)
(24.707179999999976, 121.49882000000001)
(24.707179999999976, 121.51682000000001)
(24.707179999999976, 121.53482000000001)
(24.707179999999976, 121.55282000000001)
(24.707179999999976, 121.57082000000001)
(24.707179999999976, 121.58882000000001)
(24.707179999999976, 121.60682000000001)
(24.707179999999976, 121.62482000000001)
(24.707179999999976, 121.64282000000001)
(24.707179999999976, 121.66082000000002)
(24.707179999999976, 121.67882000000002)
(24.707179999999976, 121.69682000000002)
(24.707179999999976, 121.71482000000002)
(24.707179999999976, 121.73282000000002)
(24.707179999999976, 121.75082000000002)
(24.707179999999976, 121.76882000000002)
(24.707179999999976, 121.78682000000002)
(24.707179999999976, 121.80482000000002)
(24.707179999999976, 121.82282000000002)
(24.707179999999976, 121.84082000000002)
(24.707179999999976, 121.85882000000002)
(24.707179999999976, 121.87682000000002)
(24.707179999999976, 121.89482000000002)
(24.707179999999976, 121.91282000000002)
(24.707179999999976, 121.93082000000003)
(24.707179999999976, 121.94882000000003)
(24.707179999999976, 121.96682000000003)
(24.707179999999976, 121.98482000000003)
(24.707179999999976, 122.00282000000003)
(24.689179999999975, 121.28282)
(24.689179999999975, 121.30082)
(24.689179999999975, 121.31882)
(24.689179999999975, 121.33682)
(24.689179999999975, 121.35482)
(24.689179999999975, 121.37282)
(24.689179999999975, 121.39082)
(24.689179999999975, 121.40882)
(24.689179999999975, 121.42682)
(24.689179999999975, 121.44482)
(24.689179999999975, 121.46282000000001)
(24.689179999999975, 121.48082000000001)
(24.689179999999975, 121.49882000000001)
(24.689179999999975, 121.51682000000001)
(24.689179999999975, 121.53482000000001)
(24.689179999999975, 121.55282000000001)
(24.689179999999975, 121.57082000000001)
(24.689179999999975, 121.58882000000001)
(24.689179999999975, 121.60682000000001)
(24.689179999999975, 121.62482000000001)
(24.689179999999975, 121.64282000000001)
(24.689179999999975, 121.66082000000002)
(24.689179999999975, 121.67882000000002)
(24.689179999999975, 121.69682000000002)
(24.689179999999975, 121.71482000000002)
(24.689179999999975, 121.73282000000002)
(24.689179999999975, 121.75082000000002)
(24.689179999999975, 121.76882000000002)
(24.689179999999975, 121.78682000000002)
(24.689179999999975, 121.80482000000002)
(24.689179999999975, 121.82282000000002)
(24.689179999999975, 121.84082000000002)
(24.689179999999975, 121.85882000000002)
(24.689179999999975, 121.87682000000002)
(24.689179999999975, 121.89482000000002)
(24.689179999999975, 121.91282000000002)
(24.689179999999975, 121.93082000000003)
(24.689179999999975, 121.94882000000003)
(24.689179999999975, 121.96682000000003)
(24.689179999999975, 121.98482000000003)
(24.689179999999975, 122.00282000000003)
